% Height f B theta_b ground/sea 

%============================================
% 87 12.5 0.5 0 ground   
theta1_real=[1.3997024e+00   1.2370080e+00   1.0771034e+00   7.3976755e-01   9.1230105e-01];
theta1_imag=[4.9032109e-03   5.4310671e-03   6.7454925e-03   6.2789122e-03   7.8275162e-03];

% +0.001
theta2_real=[1.3996990e+00   1.2370091e+00   1.0771046e+00   7.3982497e-01   9.1230256e-01];
theta2_imag=[4.8923042e-03   5.4230099e-03   6.7162392e-03   6.2378880e-03   7.7776807e-03];
   
% -0.001
theta3_real=[1.3997056e+00   1.2370069e+00   1.0770985e+00   7.3971912e-01   9.1229069e-01];
theta3_imag=[4.9142143e-03   5.4390010e-03   6.7766683e-03   6.3322700e-03   7.8970339e-03];

%=========================================
% 87 13.6 0.5 0 ground
theta1_real=[9.7610787e-01   1.1230666e+00   8.2847207e-01   1.3379137e+00];
theta1_imag=[3.6451969e-03   5.0115224e-03   4.2163344e-03   1.6730994e-01];

% +0.001
theta2_real=[9.7617764e-01   1.1230706e+00   8.2852611e-01   1.3375934e+00];
theta2_imag=[3.5759511e-03   4.9748116e-03   4.1501696e-03   1.6731627e-01];

% -0.001
theta3_real=[9.7607547e-01   1.1230606e+00   8.2843527e-01   1.3380648e+00];
theta3_imag=[3.7268931e-03   5.0465030e-03   4.2541217e-03   1.6720445e-01];

%=============================================
 % 70 12.5 ground 
theta1_real=[1.5273770e+00   1.4113172e+00   1.2940325e+00   1.0089027e+00   8.1069321e-01   5.2885256e-01   8.6699383e-01   6.9831577e-01];
theta1_imag=[4.2006515e-02   2.0479903e-02   3.0499814e-02   6.0891853e-02   7.2709615e-02   9.6397313e-02   1.2917996e-01   1.5452018e-01];

theta2_real=[1.5273807e+00   1.4113230e+00   1.2940396e+00   1.0089355e+00   8.1069258e-01   5.2888545e-01   8.6694595e-01   6.9782180e-01];
theta2_imag=[4.2006767e-02   2.0481474e-02   3.0495530e-02   6.0889205e-02   7.2694659e-02   9.6381615e-02   1.2893136e-01   1.5447510e-01];

theta3_real=[1.5273732e+00   1.4113115e+00   1.2940284e+00   1.0088918e+00   8.1069384e-01   5.2882012e-01   8.6700985e-01   6.9873640e-01];
theta3_imag=[4.2006462e-02   2.0478285e-02   3.0507012e-02   6.0876124e-02   7.2724720e-02   9.6413400e-02   1.2944653e-01   1.5448161e-01];

   1.5681700e+00   1.5291563e+00   1.4137860e+00   1.4439011e+00   1.2090849e+00   1.0073238e+00   8.0769692e-01   8.2914847e-01   5.2996355e-01
   1.7114385e-01   4.1727064e-02   1.7821871e-02   5.3967846e-02   3.1354493e-02   5.3870420e-02   7.9741389e-02   1.0081069e-01   9.6471639e-02
%===========
% 70 12.5
theta1_real=[1.5180664e+00   1.4116258e+00   1.2075005e+00   1.0079272e+00   8.0997610e-01   8.1857583e-01   5.3024327e-01   5.0849529e-01];
theta1_imag=[5.8120640e-02   2.0261833e-02   3.5259490e-02   5.7639599e-02   8.1470109e-02   1.0508492e-01   9.8345322e-02   1.7831643e-01];

theta2_real=[1.5180675e+00   1.4116290e+00   1.2075049e+00   1.0079283e+00   8.1005743e-01   8.1839823e-01   5.3027790e-01   5.0823371e-01];
theta2_imag=[5.8122086e-02   2.0261796e-02   3.5258672e-02   5.7641032e-02   8.1467758e-02   1.0515649e-01   9.8331560e-02   1.7822442e-01];

theta3_real=[1.5180653e+00   1.4116226e+00   1.2074962e+00   1.0079973e+00   8.0989500e-01   8.1862553e-01   5.3020861e-01   5.0875718e-01];
theta3_imag=[5.8119191e-02   2.0261875e-02   3.5260310e-02   5.7567696e-02   8.1471333e-02   1.0485105e-01   9.8359095e-02   1.7840880e-01];
%==================================
%70 12.5 ground:10-4
theta1_real=[1.4121244e+00   1.4963678e+00   1.2084995e+00   1.0094405e+00   8.0791814e-01   8.2891741e-01   5.3479537e-01   5.1397156e-01];
theta1_imag=[2.0592592e-02   9.0064748e-02   3.5909028e-02   5.8288691e-02   8.4105180e-02   1.0912263e-01   1.0224931e-01   1.8184579e-01];

theta2_real=[1.4121276e+00   1.4963688e+00   1.2085039e+00   1.0094431e+00   8.0797379e-01   8.2877367e-01   5.3478012e-01   5.1371044e-01];
theta2_imag=[2.0592495e-02   9.0065321e-02   3.5908082e-02   5.8291314e-02   8.4134978e-02   1.0916456e-01   1.0225702e-01   1.8175265e-01];
   
theta3_real=[1.4121212e+00   1.4963667e+00   1.2084952e+00   1.0094379e+00   8.0786315e-01   8.2906020e-01   5.3476144e-01   5.1423306e-01];
theta3_imag=[2.0592695e-02   9.0064166e-02   3.5909975e-02   5.8286119e-02   8.4075190e-02   1.0908154e-01   1.0226135e-01   1.8193989e-01];

