%=======================================================================
% f=10.2kHz H=87km phi=0/180*pi theta_b=45/180*pi sigma_g=0.001
theta1_real=[1.5451549e+00   1.4667245e+00   1.5384678e+00   1.2775986e+00   1.1006149e+00   9.0956767e-01   6.8945659e-01   3.8762407e-01   1.3345911e+00   1.1554525e+00   7.8734869e-01   9.9577979e-01   5.0235545e-01];
theta1_imag=[1.6746619e-02   7.5125848e-03   7.2063535e-02   8.3413593e-03   7.0029930e-03   6.3632664e-03   6.9529824e-03   9.1961577e-03   3.9395789e-02   6.6564841e-02   5.2749734e-02   6.9505168e-02   4.9044592e-02];

theta2_real=[1.5456403e+00   1.4667277e+00   1.5385076e+00   1.2775768e+00   1.1006017e+00   9.0954272e-01   6.8942004e-01   3.8760375e-01   1.3346843e+00   1.1554460e+00   7.8724277e-01   9.9556327e-01   5.0203623e-01];
theta2_imag=[1.6852364e-02   7.5093344e-03   7.2084524e-02   8.3263147e-03   6.9941626e-03   6.3589161e-03   6.9654246e-03   9.2288450e-03   3.9352176e-02   6.6299320e-02   5.2697176e-02   6.9198742e-02   4.9079877e-02];

theta3_real=[1.5446696e+00   1.4667233e+00   1.5384011e+00   1.2775881e+00   1.1006278e+00   9.0957820e-01   6.8949416e-01   3.8779732e-01   1.3345456e+00   1.1554935e+00   7.8760561e-01   9.9601576e-01   5.0264858e-01];
theta3_imag=[1.6699094e-02   7.5213369e-03   7.2050877e-02   8.3493740e-03   6.9900135e-03   6.3459658e-03   6.9450766e-03   9.1219304e-03   3.9479180e-02   6.6745588e-02   5.2658749e-02   6.9604845e-02   4.9068378e-02];

%=======================================================================
% f=10.2kHz H=87km phi=90/180*pi theta_b=45/180*pi sigma_g=0.001
theta1_real=[1.5644557e+00   1.4765094e+00   1.0986227e+00   9.9337919e-01   7.7950861e-01   3.7418226e-01   5.0449427e-01];
theta1_imag=[7.7136521e-02   1.3692041e-02   1.6444403e-02   1.3882826e-02   1.8469805e-02   1.4319092e-02   3.1769858e-02];

theta2_real=[1.5644436e+00   1.4765348e+00   1.0986286e+00   9.9336523e-01   7.7944431e-01   3.7399452e-01   5.0435179e-01];
theta2_imag=[7.7125796e-02   1.3682978e-02   1.6398341e-02   1.3879959e-02   1.8466694e-02   1.4297143e-02   3.0882086e-02];

theta3_real=[1.5644680e+00   1.4764840e+00   1.0986152e+00   9.9344867e-01   7.7958703e-01   3.7425706e-01   5.0466773e-01];
theta3_imag=[7.7143082e-02   1.3701190e-02   1.6505102e-02   1.3882765e-02   1.8461129e-02   1.4389710e-02   3.0847974e-02];

%================================================
% f=10.2kHz H=87km phi=180/180*pi theta_b=45/180*pi sigma_g=0.001
theta1_real=[1.5451548e+00   1.4667252e+00   1.5384715e+00   1.2775990e+00   1.1006144e+00   9.0956932e-01   6.8945339e-01   3.8761776e-01   1.3346087e+00   1.1555270e+00   7.8737007e-01   9.9579447e-01   5.0228409e-01];
theta1_imag=[1.6746681e-02   7.5133145e-03   7.2061797e-02   8.3431820e-03   7.0029656e-03   6.3474845e-03   6.9569082e-03   9.2391256e-03   3.9408503e-02   6.6580351e-02   5.2743079e-02   6.9570265e-02   4.9180668e-02];

theta2_real=[1.5456402e+00   1.4667277e+00   1.5385143e+00   1.2775767e+00   1.1006017e+00   9.0954677e-01   6.8943683e-01   3.8758020e-01   1.3346682e+00   1.1554956e+00   7.8709502e-01   9.9554565e-01   5.0197575e-01];
theta2_imag=[1.6852704e-02   7.5093221e-03   7.2081687e-02   8.3262482e-03   6.9941752e-03   6.3669030e-03   6.9626533e-03   9.2553758e-03   3.9351911e-02   6.6314843e-02   5.2722033e-02   6.9290343e-02   4.9201929e-02];

theta3_real=[1.5446680e+00   1.4667242e+00   1.5383989e+00   1.2775891e+00   1.1006284e+00   9.0959443e-01   6.8951725e-01   3.8777326e-01   1.3345486e+00   1.1554786e+00   7.8761283e-01   9.9612394e-01   5.0255656e-01];
theta3_imag=[1.6701652e-02   7.5199607e-03   7.2050358e-02   8.3503536e-03   6.9899681e-03   6.3580487e-03   6.9354317e-03   9.1538026e-03   3.9451251e-02   6.6726284e-02   5.2775655e-02   6.9753786e-02   4.9158721e-02];

%================================================================
% f=10.2kHz H=87km phi=270/180*pi theta_b=45/180*pi sigma_g=0.001
theta1_real=[1.5488904e+00   1.4446966e+00   1.3435027e+00   1.1508204e+00   9.5421784e-01   1.2441490e+00   7.3475367e-01   4.4018737e-01   1.0424032e+00   7.7532341e-01   4.6046148e-01];
theta1_imag=[6.3636761e-02   1.3280402e-02   9.9001917e-03   9.3337888e-03   9.9716861e-03   2.2180365e-02   1.0500291e-02   1.3208049e-02   4.3631421e-02   6.2055199e-02   5.0777762e-02];

theta2_real=[1.5489048e+00   1.4447302e+00   1.3435066e+00   1.1508125e+00   9.5424290e-01   1.2442555e+00   7.3475323e-01   4.4025692e-01   1.0427922e+00   7.7507846e-01   4.5974161e-01];
theta2_imag=[6.3640159e-02   1.3281783e-02   9.9070978e-03   9.3734041e-03   9.9747517e-03   2.2209765e-02   1.0534227e-02   1.3210005e-02   4.3650739e-02   6.2263565e-02   5.1064092e-02];

theta3_real=[1.5488744e+00   1.4446437e+00   1.3434916e+00   1.1508134e+00   9.5423479e-01   1.2440517e+00   7.3475201e-01   4.4012649e-01   1.0420417e+00   7.7532616e-01   4.6213278e-01];
theta3_imag=[6.3619965e-02   1.3271128e-02   9.8822535e-03   9.3110821e-03   9.9464777e-03   2.2157624e-02   1.0476814e-02   1.3203087e-02   4.3431984e-02   6.2051011e-02   5.0053385e-02];

%==============================================================
% f=13.6kHz H=87km phi=0/180*pi theta_b=45/180*pi sigma_g=0.001 
theta1_real=[1.5390955e+00   1.5619128e+00   1.3642484e+00   1.2313029e+00   1.0983219e+00   9.5748644e-01   1.4083919e+00   8.0381501e-01   6.2541971e-01   3.8721635e-01   1.2500014e+00   1.0918441e+00   9.0611010e-01   7.1498487e-01   4.8258150e-01];
theta1_imag=[1.1248058e-02   7.6863285e-02   6.5689430e-03   7.7432624e-03   6.6191819e-03   6.1781529e-03   2.3806715e-02   6.2755147e-03   6.4436310e-03   7.5522956e-03   2.9381166e-02   4.7734451e-02   5.7322029e-02   5.1161068e-02   5.5603321e-02];

theta2_real=[1.5390978e+00   1.5618852e+00   1.3642538e+00   1.2313152e+00   1.0983104e+00   9.5747635e-01   1.4084052e+00   8.0378351e-01   6.2537216e-01   3.8712949e-01   1.2500488e+00   1.0917797e+00   9.0532902e-01   7.1457480e-01   4.8209004e-01];
theta2_imag=[1.1246922e-02   7.6899065e-02   6.5698511e-03   7.7321761e-03   6.6059621e-03   6.1706452e-03   2.3851647e-02   6.2707320e-03   6.4481984e-03   7.5683436e-03   2.9479488e-02   4.8008383e-02   5.7507852e-02   5.1134283e-02   5.5398923e-02];

theta3_real=[1.5390936e+00   1.5618862e+00   1.3642429e+00   1.2312996e+00   1.0983270e+00   9.5749747e-01   1.4083904e+00   8.0385676e-01   6.2546243e-01   3.8731278e-01   1.2499943e+00   1.0918346e+00   9.0673977e-01   7.1541736e-01   4.8301352e-01];
theta3_imag=[1.1246789e-02   7.6880199e-02   6.5682844e-03   7.7488238e-03   6.6328411e-03   6.1880050e-03   2.3771362e-02   6.2789023e-03   6.4421630e-03   7.5179122e-03   2.9285802e-02   4.7530356e-02   5.7203400e-02   5.1202264e-02   5.5706387e-02];

%=========================================================================
% f=13.6kHz H=87km phi=90/180*pi theta_b=45/180*pi sigma_g=0.001 
theta1_real=[1.5339665e+00   1.5368771e+00   1.5517179e+00   1.1569242e+00   1.0141861e+00   3.7818097e-01   8.6213302e-01   6.2153323e-01   7.9446794e-01   4.7885128e-01];
theta1_imag=[2.4204280e-03   3.2174647e-02   9.8849121e-02   1.2765295e-02   1.6443104e-02   1.6601311e-02   2.3812107e-02   2.6878092e-02   3.4189591e-02   4.8041800e-02];

theta2_real=[1.5340018e+00   1.5368924e+00   1.1569359e+00   1.0142181e+00   3.7793806e-01   8.6218672e-01   6.2134874e-01   7.9450274e-01   4.7855243e-01];
theta2_imag=[2.4269649e-03   3.2200536e-02   1.2746749e-02   1.6397257e-02   1.6599868e-02   2.3718052e-02   2.6580337e-02   3.3947878e-02   4.7879263e-02];

theta3_real=[1.5339233e+00   1.5368638e+00   1.1569105e+00   1.2712696e+00   1.0141489e+00   3.7845879e-01   8.6205245e-01   6.2171877e-01   7.9439582e-01   4.7936524e-01];
theta3_imag=[2.4184117e-03   3.2143279e-02   1.2776803e-02   1.8468051e-02   1.6470255e-02   1.6729210e-02   2.3963013e-02   2.7053372e-02   3.4567596e-02   4.8205162e-02];
