
% H=70 B=0.5e-4 a=6370 zd=0 theta_b=0
theta1_real=[1.2807661e+00   1.4848173e+00   8.4281167e-01   8.1949632e-01   5.4373506e-01   5.1968476e-01];
theta1_imag=[3.1215644e-03   7.7446356e-02   1.8427522e-02   3.2409754e-02   4.3058523e-02   1.3070955e-01];

% H=70+0.001
theta2_real=[1.2807721e+00   1.4848179e+00   8.4278740e-01   8.1944105e-01   5.4378024e-01   5.1940630e-01];
theta2_imag=[3.1208367e-03   7.7446141e-02   1.8373651e-02   3.2488272e-02   4.3041735e-02   1.3059736e-01];

% H=70-0.001
theta3_real=[1.2807601e+00   1.4848167e+00   8.4283594e-01   8.1955119e-01   5.4368979e-01   5.1996368e-01];
theta3_imag=[3.1222854e-03   7.7446571e-02   1.8481715e-02   3.2331363e-02   4.3075204e-02   1.3082203e-01];

%==========================================================
% H=70 B=0.5e-4 a=6370 zd=0 theta_b=pi/6
theta1_real=[1.2815907e+00   1.4847779e+00   8.3281183e-01   8.1387800e-01   5.4081625e-01   4.4134865e-01];
theta1_imag=[2.4566676e-03   7.7526971e-02   2.4935641e-02   5.0120322e-02   4.0585614e-02   1.4958883e-01];

% H=70+0.001
theta2_real=[1.2816079e+00   1.4846013e+00   8.3279706e-01   8.1402242e-01   5.4082725e-01   4.4116984e-01];
theta2_imag=[2.4682047e-03   7.7465475e-02   2.4959936e-02   5.0181874e-02   4.0580427e-02   1.4973150e-01];

% H=70-0.001
theta3_real=[1.2815780e+00   1.4847781e+00   8.3282651e-01   8.1373274e-01   5.4080402e-01   4.4152731e-01];
theta3_imag=[2.4555075e-03   7.7508710e-02   2.4911391e-02   5.0057593e-02   4.0562241e-02   1.4944667e-01];

%==================================================
% H=70 B=0.5e-4 a=6370 zd=0 theta_b=pi/3
theta1_real=[1.2814239e+00   1.0646120e+00   1.4847112e+00   7.9166379e-01   5.4222939e-01   5.1633436e-01];
theta1_imag=[2.3187891e-03   1.7971436e-03   7.7490300e-02   1.7073863e-02   5.6526214e-02   1.0225324e-01];

% H=70+0.001
theta2_real=[1.2814291e+00   1.0646475e+00   1.4847117e+00   7.9168622e-01   5.4226184e-01   5.1635386e-01];
theta2_imag=[2.3170718e-03   1.8136814e-03   7.7490064e-02   1.7075327e-02   5.6527196e-02   1.0225082e-01];

% H=70-0.001
theta3_real=[1.2814198e+00   1.0646295e+00   1.4847102e+00   7.9164130e-01   5.4219998e-01   5.1631118e-01];
theta3_imag=[2.3212578e-03   1.8240236e-03   7.7490228e-02   1.7072585e-02   5.6528708e-02   1.0225383e-01];

%====================================================
% H=70 B=0.5e-4 a=6370 zd=0 theta_b=pi/12
theta1_real=[1.2809164e+00   1.4848075e+00   8.2698921e-01   8.6387972e-01   5.4096594e-01   5.4995331e-01];
theta1_imag=[2.6838960e-03   7.7444558e-02   2.1163746e-02   4.7100484e-02   4.4381063e-02   1.4500895e-01];

% H=70+0.001
theta2_real=[1.2809194e+00   1.4848080e+00   8.2700494e-01   8.6388236e-01   5.4101253e-01   5.4964020e-01];
theta2_imag=[2.6827627e-03   7.7444271e-02   2.1172264e-02   4.7004080e-02   4.4379291e-02   1.4487271e-01];

% H=70-0.001
theta3_real=[1.2809135e+00   1.4848070e+00   8.2697346e-01   8.6387680e-01   5.4091938e-01   5.5026989e-01];
theta3_imag=[2.6850327e-03   7.7444758e-02   2.1155238e-02   4.7197132e-02   4.4382717e-02   1.4514785e-01];

%============================================================
% H=70 B=0.5e-4 a=6370 zd=0 theta_b=pi/4
theta1_real=[1.2811956e+00   1.4847484e+00   8.0026353e-01   5.3963799e-01   5.2003792e-01];
theta1_imag=[2.5481743e-03   7.7476393e-02   2.4853919e-02   4.8577777e-02   1.3984621e-01];

% H=70+0.001
theta2_real=[1.2811871e+00   1.4847489e+00   8.0028372e-01   5.3966859e-01   5.2006964e-01];
theta2_imag=[2.5417342e-03   7.7476156e-02   2.4851217e-02   4.8579353e-02   1.3977558e-01];

% H=70-0.001
theta3_real=[1.2812077e+00   1.4847479e+00   8.0024345e-01   5.3960766e-01   5.2000737e-01];
theta3_imag=[2.5457933e-03   7.7476662e-02   2.4856613e-02   4.8576205e-02   1.3991566e-01];

%===========================================
% H=70 B=0.5e-4 f=18.5kHz theta_b=0
theta1_real=[1.3975164e+00   1.4970562e+00   1.1320122e+00   1.5014934e+00   1.0793877e+00   6.2332087e-01   7.9425940e-01   9.7014888e-01   8.3696493e-01   3.9750120e-01   4.8900774e-01];
theta1_imag=[1.1118752e-02   3.5167098e-02   1.2193513e-02   8.2357289e-02   2.8403911e-02   2.4880704e-02   2.9767626e-02   4.9219206e-02   7.5621030e-02   5.6920693e-02   8.5556909e-02];

% H=70+0.001
theta2_real=[1.3975191e+00   1.4986155e+00   1.1320245e+00   1.5014940e+00   1.0794075e+00   6.2337125e-01   7.9426887e-01   9.7018896e-01   8.3686268e-01   3.9756717e-01   4.8886731e-01];
theta2_imag=[1.1117174e-02   3.5223857e-02   1.2191251e-02   8.2357126e-02   2.8402586e-02   2.4824046e-02   2.9764139e-02   4.9171705e-02   7.5583700e-02   5.6920869e-02   8.5610958e-02];

% H=70-0.001
theta3_real=[1.3975137e+00   1.4955875e+00   1.1319998e+00   1.5014927e+00   1.0793679e+00   6.2328982e-01   7.9424997e-01   9.7010822e-01   8.3706693e-01   3.9743532e-01   4.8914833e-01];
theta3_imag=[1.1120326e-02   3.5162796e-02   1.2195764e-02   8.2357134e-02   2.8405193e-02   2.4896444e-02   2.9771150e-02   4.9266970e-02   7.5659252e-02   5.6920352e-02   8.5502071e-02];

%===================================================
% H=70 B=0.5e-4 f=15kHz theta_b=0
theta1_real=[1.3395337e+00   1.4937585e+00   1.0037604e+00   9.5925109e-01   7.7710580e-01   5.2349352e-01   8.6215788e-01   6.7186334e-01   3.8401989e-01   9.4313549e-02];
theta1_imag=[4.7413546e-03   8.1787940e-02   2.3776530e-02   3.8379060e-02   3.2933115e-02   4.0094105e-02   1.0829411e-01   9.0343901e-02   1.0396155e-01   1.6600849e-01];

% H=70+0.001
theta2_real=[1.3396257e+00   1.4937589e+00   1.0037986e+00   9.5931345e-01   7.7710842e-01   5.2351223e-01   8.6208032e-01   6.7167148e-01   3.8379187e-01   9.4393003e-02];
theta2_imag=[4.4617612e-03   8.1787720e-02   2.3794386e-02   3.8375976e-02   3.2931253e-02   4.0061578e-02   1.0810543e-01   9.0321548e-02   1.0391663e-01   1.6581606e-01];

% H=70-0.001
theta3_real=[1.3395299e+00   1.4937582e+00   1.0037224e+00   9.5918861e-01   7.7710319e-01   5.2347472e-01   8.6223493e-01   6.7205515e-01   3.8424778e-01   9.4234037e-02];
theta3_imag=[4.7434570e-03   8.1788160e-02   2.3758513e-02   3.8381807e-02   3.2935044e-02   4.0126661e-02   1.0848370e-01   9.0366352e-02   1.0400682e-01   1.6620051e-01];

%===================================================
% H=70 f=10kHz theta_b=0 B=0.5e-4
theta1_real=[1.1937225e+00   1.4673353e+00   8.9306073e-01   6.6858319e-01];
theta1_imag=[5.7285318e-03   6.7385060e-02   1.6539824e-02   1.0277645e-01];

% H=70+0.001
theta2_real=[1.1937227e+00   1.4673359e+00   8.9305735e-01   6.6826760e-01];
theta2_imag=[5.7261971e-03   6.7384637e-02   1.6458011e-02   1.0266877e-01];

% H=70-0.001
theta3_real=[1.1937224e+00   1.4673347e+00   8.9305761e-01   6.6889879e-01];
theta3_imag=[5.7308890e-03   6.7385484e-02   1.6621249e-02   1.0288374e-01];

%================================================
% H=70 f=10kHz theta_b=pi/12 B=0.5e-4
theta1_real=[8.3936462e-01   1.1946995e+00   1.4673501e+00   8.7227561e-01   8.1139809e-01   7.0020806e-01   8.1931028e-01   3.7577747e-01];
theta1_imag=[3.4124262e-03   7.1489275e-03   6.7414439e-02   2.2822507e-02   1.3579660e-01   1.2619109e-01   1.6419649e-01   1.6715591e-01];

% H=70+0.001
theta2_real=[8.3937982e-01   1.1947078e+00   1.4673508e+00   8.7228850e-01   8.1147113e-01   6.9983257e-01   8.1910252e-01   3.7566821e-01];
theta2_imag=[3.3427054e-03   7.1434032e-03   6.7414242e-02   2.2858094e-02   1.3591447e-01   1.2610507e-01   1.6379956e-01   1.6779174e-01];

% H=70-0.001
theta3_real=[8.3934921e-01   1.1946892e+00   1.4673493e+00   8.7226290e-01   8.1126483e-01   7.0058040e-01   8.1952263e-01   3.7588563e-01];
theta3_imag=[3.4822989e-03   7.1559206e-03   6.7414934e-02   2.2800466e-02   1.3543213e-01   1.2627745e-01   1.6458043e-01   1.6652130e-01];

%================================================
% H=70 f=15kHz theta_b=pi/12 B=0.5e-4
theta1_real=[1.4937532e+00   1.0034578e+00   9.5354635e-01   7.7956326e-01   1.3124484e+00   5.2391300e-01   7.5842604e-01   4.1278188e-01   9.1002504e-02];
