% data of roots for modal equation

%==============================================
% Height=70 de=0 phi=0 n=4
theta1_real=[1.2809059e+00 8.1952828e-01 5.4376482e-01 5.1971313e-01];
theta1_imag=[3.1318272e-03 3.2401005e-02 4.3060199e-02 1.3071462e-01];

% Height=70+0.001 de=0 phi=0 n=4
theta2_real=[1.2809119e+00 8.1947305e-01 5.4381000e-01 5.1943466e-01];
theta2_imag=[3.1310951e-03 3.2479438e-02 4.3043405e-02 1.3060244e-01];

% Height=70-0.001 de=0 phi=0 n=4
theta3_real=[1.2808999e+00 8.1958311e-01 5.4371955e-01 5.1999207e-01];
theta3_imag=[3.1325526e-03 3.2322702e-02 4.3076884e-02 1.3082708e-01];

%============================================
% Height=70 de=0 phi=0 n=6
theta1_real=[1.2809059e+00   1.4849150e+00   8.4286927e-01   8.1952828e-01   5.4376482e-01   5.1971313e-01];
theta1_imag=[3.1318272e-03   7.7576010e-02   1.8419141e-02   3.2401005e-02   4.3060199e-02   1.3071462e-01];
  

% Height=70+0.001 de=0 phi=0 n=6
theta2_real=[1.2809119e+00   1.4849156e+00   8.4284502e-01   8.1947305e-01   5.4381000e-01   5.1943466e-01];
theta2_imag=[3.1310951e-03   7.7575798e-02   1.8365384e-02   3.2479438e-02   4.3043405e-02   1.3060244e-01];

% Height=70-0.001 de=0 phi=0 n=6
theta3_real=[1.2808999e+00   1.4849144e+00   8.4289353e-01   8.1958311e-01   5.4371955e-01   5.1999207e-01];
theta3_imag=[3.1325526e-03   7.7576221e-02   1.8473217e-02   3.2322702e-02   4.3076884e-02   1.3082708e-01];

%==================================================
% Height=70 de=pi/4 phi=pi/4 n=8
theta1_real=[8.0476259e-01   1.2850694e+00   9.8725146e-01   1.4852435e+00   1.0491848e+00   5.3457431e-01   9.7176471e-01   4.8838571e-01];
theta1_imag=[1.9443021e-03   9.8318709e-03   6.3143076e-03   7.7520914e-02   3.1158775e-02   3.8790683e-02   1.8733259e-01   1.2964654e-01];

% Height=70+0.001 de=pi/4 phi=pi/4 n=8
theta2_real=[8.0478863e-01   1.2850832e+00   9.8726321e-01   1.4852441e+00   1.0491857e+00   5.3460389e-01   9.7182419e-01   4.8844006e-01];
theta2_imag=[1.9391629e-03   1.0024900e-02   6.3110859e-03   7.7520649e-02   3.1157647e-02   3.8793720e-02   1.8732648e-01   1.2962250e-01];

% Height=70-0.001 de=pi/4 phi=pi/4 n=8
theta3_real=[8.0473654e-01   1.2852292e+00   9.8723970e-01   1.4852429e+00   1.0491836e+00   5.3454474e-01   9.7170525e-01   4.8833116e-01];
theta3_imag=[1.9494043e-03   9.9397969e-03   6.3175368e-03   7.7521179e-02   3.1162056e-02   3.8787635e-02   1.8733920e-01   1.2967034e-01];

%===================================================
% Height=70 de=pi/4 phi=pi/2 n=8
theta1_real=[1.2871403e+00   1.4854426e+00   9.8227004e-01   7.6212009e-01   1.0241082e+00   5.3531780e-01   1.0531917e+00   4.8229957e-01];
theta1_imag=[1.4056282e-02   7.7456962e-02   1.4824223e-02   2.1727822e-02   4.1366651e-02   3.8726835e-02   1.4932732e-01   1.1313569e-01];

% Height=70+0.001 de=pi/4 phi=pi/2 n=8
theta2_real=[1.2871462e+00   1.4854432e+00   9.8227649e-01   7.6213797e-01   1.0240967e+00   5.3534749e-01   1.0532501e+00   4.8229988e-01];
theta2_imag=[1.4057419e-02   7.7456645e-02   1.4826604e-02   2.1717109e-02   4.1353405e-02   3.8726045e-02   1.4932367e-01   1.1311365e-01];

% Height=70-0.001 de=pi/4 phi=pi/2 n=8
theta3_real=[1.2871343e+00   1.4854420e+00   9.8226425e-01   7.6209426e-01   1.0241198e+00   5.3528811e-01   1.0531328e+00   4.8229911e-01];
theta3_imag=[1.4055144e-02   7.7457279e-02   1.4822462e-02   2.1747823e-02   4.1379899e-02   3.8727614e-02   1.4931147e-01   1.1315784e-01];

%======================================================
% Height=70 de=pi/2 phi=0 n=5
theta1_real=[1.2817187e+00   1.0641969e+00   1.4847675e+00   7.8737461e-01   5.5527773e-01];
theta1_imag=[2.2513202e-03   2.9540256e-03   7.7630525e-02   9.8961815e-03   6.4784280e-02];

% Height=70+0.001 de=pi/2 phi=0 n=5
theta2_real=[1.2817236e+00   1.0641685e+00   1.4847680e+00   7.8739647e-01   5.5530328e-01];
theta2_imag=[2.2495095e-03   2.9685992e-03   7.7630319e-02   9.8970294e-03   6.4777544e-02];

% Height=70-0.001 de=pi/2 phi=0 n=5
theta3_real=[1.2817138e+00   1.0641882e+00   1.4847669e+00   7.8735264e-01   5.5525219e-01];
theta3_imag=[2.2531289e-03   2.9595907e-03   7.7630731e-02   9.8954310e-03   6.4791011e-02];

%==========================================================
% Height=70 de=0 phi=0 n=6 B=10e-4
theta1_real=[1.0964572e+00   8.4873417e-01   5.6267136e-01   1.4853723e+00   9.4445829e-01   6.8853495e-01];
theta1_imag=[8.9744056e-04   8.1724182e-04   6.2694422e-03   7.7122392e-02   1.9004573e-02   2.5745966e-02];

% Height=70+0.001 de=0 phi=0 n=6 B=10e-4
theta2_real=[1.0964506e+00   8.4877586e-01   5.6264517e-01   1.4853726e+00   9.4440314e-01   6.8836841e-01];
theta2_imag=[7.5648369e-04   8.5733969e-04   6.3109635e-03   7.7121673e-02   1.8995478e-02   2.5778871e-02];

% Height=70-0.001 de=0 phi=0 n=6 B=10e-4
theta3_real=[1.0964636e+00   8.4869190e-01   5.6269809e-01   1.4853720e+00   9.4451371e-01   6.8870141e-01];
theta3_imag=[1.0384697e-03   7.7619590e-04   6.2284018e-03   7.7123113e-02   1.9013950e-02   2.5712553e-02];

%===================================================
% Height=70 de=0 phi=0 n=5 B=0.25*10e-4
theta1_real=[1.2812710e+00   1.4847952e+00   7.8570129e-01   5.2039767e-01   4.9350346e-01];
theta1_imag=[1.7636916e-03   7.7660996e-02   2.2975974e-02   6.1223294e-02   1.3578491e-01];

% Height=70+0.001 de=0 phi=0 n=5 B=0.25*10e-4
theta2_real=[1.2812761e+00   1.4847957e+00   7.8572069e-01   5.2042477e-01   4.9350778e-01];
theta2_imag=[1.7618028e-03   7.7660817e-02   2.2980303e-02   6.1221284e-02   1.3578748e-01];

% Height=70-0.001 de=0 phi=0 n=5 B=0.25*10e-4
theta3_real=[1.2812660e+00   1.4847947e+00   7.8568190e-01   5.2037057e-01   4.9349909e-01];
theta3_imag=[1.7655717e-03   7.7661207e-02   2.2971661e-02   6.1225297e-02   1.3578245e-01];

%=========================================================
% Height=70 de=pi/4 phi=0 n=5 
theta1_real=[1.2813363e+00   1.4848462e+00   8.0029926e-01   5.3966592e-01   5.2007447e-01];
theta1_imag=[2.5514724e-03   7.7606092e-02   2.4847954e-02   4.8580875e-02   1.3984723e-01];

% Height=70+0.001 de=pi/4 phi=0 n=5 
theta2_real=[1.2813324e+00   1.4848467e+00   8.0031947e-01   5.3969653e-01   5.2010651e-01];
theta2_imag=[2.5443069e-03   7.7605859e-02   2.4845254e-02   4.8582454e-02   1.3977663e-01];

% Height=70-0.001 de=pi/4 phi=0 n=5 
theta3_real=[1.2813444e+00   1.4848456e+00   8.0027916e-01   5.3963558e-01   5.2004377e-01];
theta3_imag=[2.5490437e-03   7.7606358e-02   2.4850649e-02   4.8579301e-02   1.3991658e-01];

%=========================================================






