% root data after selection

%===============================================================
% f=10.2kHz H=87km phi=0/180*pi theta_b=45/180*pi sigma_g=0.001
theta1_real=[1.5451549e+00   1.4667245e+00   1.5384678e+00   1.2775986e+00   1.1006149e+00   9.0956767e-01    1.3345911e+00     ];
theta1_imag=[1.6746619e-02   7.5125848e-03   7.2063535e-02   8.3413593e-03   7.0029930e-03   6.3632664e-03    3.9395789e-02     ];

theta2_real=[1.5456403e+00   1.4667277e+00   1.5385076e+00   1.2775768e+00   1.1006017e+00   9.0954272e-01    1.3346843e+00     ];
theta2_imag=[1.6852364e-02   7.5093344e-03   7.2084524e-02   8.3263147e-03   6.9941626e-03   6.3589161e-03    3.9352176e-02     ];

theta3_real=[1.5446696e+00   1.4667233e+00   1.5384011e+00   1.2775881e+00   1.1006278e+00   9.0957820e-01    1.3345456e+00     ];
theta3_imag=[1.6699094e-02   7.5213369e-03   7.2050877e-02   8.3493740e-03   6.9900135e-03   6.3459658e-03    3.9479180e-02     ];

%==============================================================
% f=13.6kHz H=87km phi=0/180*pi theta_b=45/180*pi sigma_g=0.001 
theta1_real=[  1.3642484e+00   1.2313029e+00   1.0983219e+00   9.5748644e-01   1.4083919e+00   8.0381501e-01     1.2500014e+00     ];
theta1_imag=[  6.5689430e-03   7.7432624e-03   6.6191819e-03   6.1781529e-03   2.3806715e-02   6.2755147e-03     2.9381166e-02     ];

theta2_real=[  1.3642538e+00   1.2313152e+00   1.0983104e+00   9.5747635e-01   1.4084052e+00   8.0378351e-01     1.2500488e+00     ];
theta2_imag=[  6.5698511e-03   7.7321761e-03   6.6059621e-03   6.1706452e-03   2.3851647e-02   6.2707320e-03     2.9479488e-02     ];

theta3_real=[  1.3642429e+00   1.2312996e+00   1.0983270e+00   9.5749747e-01   1.4083904e+00   8.0385676e-01     1.2499943e+00     ];
theta3_imag=[  6.5682844e-03   7.7488238e-03   6.6328411e-03   6.1880050e-03   2.3771362e-02   6.2789023e-03     2.9285802e-02     ];

%====================================================
% f=10.2kHz H=87km phi=90/180*pi theta_b=45/180*pi sigma_g=0.001
theta1_real=[  1.4765094e+00   1.0986227e+00   9.9337919e-01   7.7950861e-01   ];
theta1_imag=[  1.3692041e-02   1.6444403e-02   1.3882826e-02   1.8469805e-02   ];

theta2_real=[  1.4765348e+00   1.0986286e+00   9.9336523e-01   7.7944431e-01   ];
theta2_imag=[  1.3682978e-02   1.6398341e-02   1.3879959e-02   1.8466694e-02   ];

theta3_real=[  1.4764840e+00   1.0986152e+00   9.9344867e-01   7.7958703e-01   ];
theta3_imag=[  1.3701190e-02   1.6505102e-02   1.3882765e-02   1.8461129e-02   ];

%======================================================
% f=13.6kHz H=87km phi=90/180*pi theta_b=45/180*pi sigma_g=0.001 
theta1_real=[1.5339665e+00   1.5368771e+00   1.5517179e+00   1.0141861e+00     8.6213302e-01     7.9446794e-01   ];
theta1_imag=[2.4204280e-03   3.2174647e-02   9.8849121e-02   1.6443104e-02     2.3812107e-02     3.4189591e-02   ];

theta2_real=[1.5340018e+00   1.5368924e+00   1.1569359e+00   1.0142181e+00     8.6218672e-01     7.9450274e-01   ];
theta2_imag=[2.4269649e-03   3.2200536e-02   1.2746749e-02   1.6397257e-02     2.3718052e-02     3.3947878e-02   ];

theta3_real=[1.5339233e+00   1.5368638e+00   1.1569105e+00    1.0141489e+00    8.6205245e-01     7.9439582e-01   ];
theta3_imag=[2.4184117e-03   3.2143279e-02   1.2776803e-02    1.6470255e-02    2.3963013e-02     3.4567596e-02   ];

%=================================================
% f=10.2kHz H=87km phi=180/180*pi theta_b=45/180*pi sigma_g=0.001
theta1_real=[1.5451548e+00   1.4667252e+00   1.5384715e+00   1.2775990e+00   1.1006144e+00   9.0956932e-01   1.3346087e+00      ];
theta1_imag=[1.6746681e-02   7.5133145e-03   7.2061797e-02   8.3431820e-03   7.0029656e-03   6.3474845e-03   3.9408503e-02      ];

theta2_real=[1.5456402e+00   1.4667277e+00   1.5385143e+00   1.2775767e+00   1.1006017e+00   9.0954677e-01   1.3346682e+00      ];
theta2_imag=[1.6852704e-02   7.5093221e-03   7.2081687e-02   8.3262482e-03   6.9941752e-03   6.3669030e-03   3.9351911e-02      ];

theta3_real=[1.5446680e+00   1.4667242e+00   1.5383989e+00   1.2775891e+00   1.1006284e+00   9.0959443e-01   1.3345486e+00      ];
theta3_imag=[1.6701652e-02   7.5199607e-03   7.2050358e-02   8.3503536e-03   6.9899681e-03   6.3580487e-03   3.9451251e-02      ];

%============================================
% f=13.6kHz H=87km phi=180/180*pi theta_b=45/180*pi sigma_g=0.001 
theta1_real=[  1.3642484e+00   1.2313072e+00   1.0983210e+00   9.5748961e-01   1.4083934e+00   8.0381155e-01    1.2500124e+00   ];
theta1_imag=[  6.5689596e-03   7.7371992e-03   6.6187646e-03   6.1900100e-03   2.3805683e-02   6.2740248e-03    2.9376378e-02   ];

theta2_real=[  1.3642538e+00   1.2313154e+00   1.0982907e+00   9.5747344e-01   1.4084057e+00   8.0379290e-01    1.2500617e+00   ];
theta2_imag=[  6.5699477e-03   7.7323037e-03   6.5855815e-03   6.1654903e-03   2.3852369e-02   6.2750768e-03    2.9496986e-02   ];

theta3_real=[  1.3642429e+00   1.2312963e+00   1.0983203e+00   9.5750836e-01   1.4083913e+00   8.0385018e-01    1.2499802e+00   ];
theta3_imag=[  6.5682120e-03   7.7496142e-03   6.6169390e-03   6.1979928e-03   2.3773899e-02   6.2752880e-03    2.9272399e-02   ];

%===================================================
% f=10.2kHz H=87km phi=270/180*pi theta_b=45/180*pi sigma_g=0.001
theta1_real=[  1.4446966e+00   1.3435027e+00   1.1508204e+00   9.5421784e-01   1.2441490e+00   7.3475367e-01     ];
theta1_imag=[  1.3280402e-02   9.9001917e-03   9.3337888e-03   9.9716861e-03   2.2180365e-02   1.0500291e-02     ];

theta2_real=[  1.4447302e+00   1.3435066e+00   1.1508125e+00   9.5424290e-01   1.2442555e+00   7.3475323e-01      ];
theta2_imag=[  1.3281783e-02   9.9070978e-03   9.3734041e-03   9.9747517e-03   2.2209765e-02   1.0534227e-02       ];

theta3_real=[  1.4446437e+00   1.3434916e+00   1.1508134e+00   9.5423479e-01   1.2440517e+00   7.3475201e-01       ];
theta3_imag=[  1.3271128e-02   9.8822535e-03   9.3110821e-03   9.9464777e-03   2.2157624e-02   1.0476814e-02       ];

%======================================================
% f=13.6kHz H=87km phi=270/180*pi theta_b=45/180*pi sigma_g=0.001 
theta1_real=[1.1312191e+00   9.8684073e-01   8.3227827e-01   6.5649571e-01   ];
theta1_imag=[8.3767059e-03   9.6574879e-03   1.1816999e-02   1.5062741e-02   ];

theta2_real=[1.1311944e+00   9.8681307e-01   8.3222402e-01   6.5647849e-01   ];
theta2_imag=[8.3702831e-03   9.6373142e-03   1.1804849e-02   1.5024667e-02   ];

theta3_real=[1.1312403e+00   9.8686024e-01   8.3232531e-01   6.5655284e-01   ];
theta3_imag=[8.3780512e-03   9.6557342e-03   1.1826700e-02   1.5053602e-02   ];

%========================================================
%=======================================================
% f=10.2kHz H=87km phi=90/180*pi theta_b=0/180*pi sigma_g=0.001 
theta1_real=[  1.2727862e+00   1.5409892e+00   1.1276347e+00   9.2743386e-01   6.3796002e-01   ];
theta1_imag=[  5.8069131e-03   6.0408139e-02   9.4583544e-03   9.1159281e-03   1.0065344e-02   ];

theta2_real=[  1.2727778e+00   1.5409071e+00   1.1275976e+00   9.2739843e-01   6.3763648e-01   ];
theta2_imag=[  5.8353801e-03   6.0263932e-02   9.4411031e-03   9.0839360e-03   1.0133150e-02   ];

theta3_real=[  1.2727985e+00   1.5407787e+00   1.1277362e+00   9.2848039e-01   6.3824764e-01   ];
theta3_imag=[  5.7786629e-03   6.0532899e-02   9.4797644e-03   8.5885801e-03   1.0037962e-02   ];

%===========================================================
% f=10.2kHz H=87km phi=90/180*pi theta_b=90/180*pi sigma_g=0.001 
theta1_real=[1.4362487e+00   1.2619963e+00   1.0807978e+00   8.9092577e-01     1.2336017e+00   1.0339210e+00   ];
theta1_imag=[1.1010550e-02   6.2798632e-03   4.1397358e-03   3.6647469e-03     1.7255839e-02   2.7045541e-02   ];

theta2_real=[1.4362516e+00   1.2620023e+00   1.0808073e+00   8.9093235e-01     1.2336062e+00   1.0339276e+00   ];
theta2_imag=[1.1010447e-02   6.2793078e-03   4.1392591e-03   3.6637917e-03     1.7255938e-02   2.7045338e-02   ];

