% 1:H,   2:H+dH,   3:H-dH
%============================================================
% f=12.5kHz H=70km sigma_g=0.001 B=0.5e-4 theta_b=0
theta1_real=[1.5182682e+00   1.4114768e+00   1.2073132e+00   1.0093298e+00   8.1114834e-01   8.6835892e-01   5.3038338e-01   6.9950631e-01];
theta1_imag=[5.8244987e-02   2.0575937e-02   3.6252180e-02   6.1030396e-02   7.3948647e-02   1.2943020e-01   9.7573012e-02   1.5523335e-01];

theta2_real=[1.5182712e+00   1.4114825e+00   1.2073257e+00   1.0093619e+00   8.1114757e-01   8.6836649e-01   5.3041707e-01   6.9899959e-01];
theta2_imag=[5.8245006e-02   2.0577513e-02   3.6254407e-02   6.1024771e-02   7.3932019e-02   1.2921138e-01   9.7556623e-02   1.5536411e-01];

theta3_real=[1.5182654e+00   1.4114712e+00   1.2073012e+00   1.0092958e+00   8.1114898e-01   8.6839644e-01   5.3035049e-01   6.9993982e-01];
theta3_imag=[5.8244596e-02   2.0574318e-02   3.6250648e-02   6.1035699e-02   7.3965471e-02   1.2967377e-01   9.7589771e-02   1.5531631e-01];

%===========================================================
% f=10.2kHz H=70km sigma_g=0.001 B=0.5e-4 theta_b=0
theta1_real=[1.4959572e+00   1.3668019e+00   1.2217623e+00   1.1217558e+00   8.7209919e-01   9.4412979e-01   5.6090871e-01];
theta1_imag=[5.1578505e-02   2.3109450e-02   4.4132452e-02   4.4041852e-02   7.3690163e-02   8.7341005e-02   9.9532766e-02];

theta2_real=[1.4959570e+00   1.3668065e+00   1.2217581e+00   1.1217572e+00   8.7208072e-01   9.4405559e-01   5.6093184e-01];
theta2_imag=[5.1579075e-02   2.3105870e-02   4.4132609e-02   4.4032116e-02   7.3679158e-02   8.7322226e-02   9.9527157e-02];
   
theta3_real=[1.4959574e+00   1.3667972e+00   1.2217666e+00   1.1217549e+00   8.7211807e-01   9.4414849e-01   5.6088558e-01];
theta3_imag=[5.1578140e-02   2.3113100e-02   4.4132366e-02   4.4050945e-02   7.3701090e-02   8.7383744e-02   9.9538397e-02];

%==========================================================
% f=13.6kHz H=70km sigma_g=0.001 B=0.5e-4 theta_b=0
theta1_real=[1.5256759e+00   1.4285035e+00   1.2385875e+00   1.1265999e+00   8.7795724e-01   6.5559834e-01   6.9528667e-01   3.3356670e-01];
theta1_imag=[6.0274121e-02   1.9590810e-02   3.2815549e-02   4.7083242e-02   7.4155417e-02   7.9541514e-02   1.6007667e-01   1.4949408e-01];
 
theta2_real=[1.5256767e+00   1.4285073e+00   1.2385931e+00   1.1265973e+00   8.7794110e-01   6.5562628e-01   6.9480173e-01   3.3360649e-01];
theta2_imag=[6.0274859e-02   1.9590050e-02   3.2813354e-02   4.7085995e-02   7.4184708e-02   7.9539859e-02   1.6021721e-01   1.4946401e-01];

theta3_real=[1.5256793e+00   1.4284997e+00   1.2385809e+00   1.1265869e+00   8.7797344e-01   6.5556525e-01   6.9588357e-01   3.3352670e-01];
theta3_imag=[6.0274783e-02   1.9591572e-02   3.2817038e-02   4.7076779e-02   7.4127899e-02   7.9543282e-02   1.5984959e-01   1.4952436e-01];

%======================================================
% f=11.33kHz H=70km sigma_g=0.001 B=0.5e-4 theta_b=0
theta1_real=[1.5082986e+00   1.3905362e+00   1.1674339e+00   9.4413767e-01   7.0649390e-01   6.6430025e-01   3.2831469e-01];
theta1_imag=[5.5319779e-02   2.1447579e-02   3.9260562e-02   6.7107420e-02   8.2767791e-02   1.5646453e-01   1.5993983e-01];

theta2_real=[1.5082995e+00   1.3905382e+00   1.1674358e+00   9.4414409e-01   7.0652719e-01   6.6388244e-01   3.2837658e-01];
theta2_imag=[5.5323201e-02   2.1449173e-02   3.9264689e-02   6.7138834e-02   8.2743555e-02   1.5625842e-01   1.5993045e-01];

theta3_real=[1.5082980e+00   1.3905341e+00   1.1674322e+00   9.4413182e-01   7.0645951e-01   6.6479840e-01   3.2827816e-01];
theta3_imag=[5.5315964e-02   2.1446195e-02   3.9256484e-02   6.7076194e-02   8.2792140e-02   1.5650328e-01   1.5997560e-01];

%==============================================================
% f=10.2kHz H=70km sigma_g=0.001 B=0.5e-4 theta_b=30/180*pi
theta1_real=[1.4957738e+00   1.3660585e+00   1.2216190e+00   1.1196972e+00   8.6663558e-01   9.4306955e-01   5.5938115e-01];
theta1_imag=[5.1813152e-02   2.2758049e-02   4.4965411e-02   4.3425580e-02   7.5126544e-02   8.9614229e-02   1.0437291e-01];

theta2_real=[1.4957758e+00   1.3660639e+00   1.2216207e+00   1.1197086e+00   8.6666099e-01   9.4305556e-01   5.5940209e-01];
theta2_imag=[5.1812923e-02   2.2756614e-02   4.4960550e-02   4.3410661e-02   7.5105811e-02   8.9561199e-02   1.0438056e-01];

theta3_real=[1.4957720e+00   1.3660524e+00   1.2216179e+00   1.1196870e+00   8.6662612e-01   9.4307424e-01   5.5936370e-01];
theta3_imag=[5.1813516e-02   2.2758772e-02   4.4970415e-02   4.3432992e-02   7.5167930e-02   8.9648136e-02   1.0437930e-01];

%======================================================
% f=10.2kHz H=70km sigma_g=0.001 B=0.5e-4 theta_b=60/180*pi
theta1_real=[1.4951093e+00   1.3649739e+00   1.2199801e+00   1.1167020e+00   8.5526073e-01   9.3846047e-01   5.5062067e-01   5.5517072e-01];
theta1_imag=[5.1914517e-02   2.1506906e-02   4.5574664e-02   4.0293408e-02   6.8777530e-02   8.5316998e-02   1.2217327e-01   1.6353820e-01];
 
theta2_real=[1.4951118e+00   1.3649782e+00   1.2199861e+00   1.1167095e+00   8.5527683e-01   9.3847053e-01   5.5065268e-01   5.5518610e-01];
theta2_imag=[5.1915222e-02   2.1506783e-02   4.5573591e-02   4.0291744e-02   6.8775053e-02   8.5314415e-02   1.2216362e-01   1.6352401e-01];
   
theta3_real=[1.4951069e+00   1.3649695e+00   1.2199741e+00   1.1166944e+00   8.5524391e-01   9.3844949e-01   5.5058853e-01   5.5515508e-01];
theta3_imag=[5.1913846e-02   2.1507035e-02   4.5575730e-02   4.0294988e-02   6.8779677e-02   8.5320622e-02   1.2218285e-01   1.6355297e-01];

%=====================================================
% f=10.2kHz H=70km sigma_g=0.001 B=0.5e-4 theta_b=90/180*pi
theta1_real=[1.4947787e+00   1.3645536e+00   1.2191847e+00   1.1157478e+00   8.5260513e-01   9.3815704e-01   5.3261875e-01   5.7836200e-01];
theta1_imag=[5.1876152e-02   2.0773007e-02   4.5557595e-02   3.8484245e-02   6.4448699e-02   8.2918577e-02   1.2309046e-01   1.4638572e-01];

theta2_real=[1.4947808e+00   1.3645579e+00   1.2191902e+00   1.1157532e+00   8.5251464e-01   9.3816846e-01   5.3264530e-01   5.7838686e-01];
theta2_imag=[5.1877001e-02   2.0772678e-02   4.5556311e-02   3.8484064e-02   6.4526703e-02   8.2916311e-02   1.2308096e-01   1.4637232e-01];

theta3_real=[1.4947768e+00   1.3645493e+00   1.2191793e+00   1.1157411e+00   8.5258947e-01   9.3814528e-01   5.3259573e-01   5.7831931e-01];
theta3_imag=[5.1875269e-02   2.0773336e-02   4.5558879e-02   3.8484889e-02   6.4452516e-02   8.2920969e-02   1.2309016e-01   1.4641764e-01];

%===================================================================
% f=10.2kHz H=70km sigma_g=0.001 B=0.5e-4 theta_b=120/180*pi
theta1_real=[1.4951093e+00   1.3649739e+00   1.2199801e+00   1.1167020e+00   8.5526074e-01   9.3846047e-01   5.5062067e-01   5.5517071e-01];
theta1_imag=[5.1914517e-02   2.1506906e-02   4.5574664e-02   4.0293408e-02   6.8777529e-02   8.5316998e-02   1.2217327e-01   1.6353819e-01];

theta2_real=[1.4951118e+00   1.3649782e+00   1.2199861e+00   1.1167095e+00   8.5527683e-01   9.3847053e-01   5.5065268e-01   5.5518617e-01];
theta2_imag=[5.1915222e-02   2.1506782e-02   4.5573591e-02   4.0291744e-02   6.8775053e-02   8.5314416e-02   1.2216361e-01   1.6352397e-01];

theta3_real=[1.4951069e+00   1.3649695e+00   1.2199741e+00   1.1166944e+00   8.5524392e-01   9.3844948e-01   5.5058853e-01   5.5515507e-01];
theta3_imag=[5.1913846e-02   2.1507035e-02   4.5575730e-02   4.0294988e-02   6.8779675e-02   8.5320622e-02   1.2218285e-01   1.6355296e-01];

%====================================================================
% f=10.2kHz H=87km sigma_g=0.001 B=0.5e-4 theta_b=0/180*pi phi_b=0
theta1_real=[1.4660021e+00   1.5349858e+00   1.1170613e+00   9.2324843e-01   1.3156599e+00   7.0289474e-01   3.9748687e-01   1.0775226e+00   5.8741467e-01   8.5372980e-01   5.6815338e-02];
theta1_imag=[8.6955793e-03   6.1763643e-02   7.5210710e-03   6.4831215e-03   1.6107800e-02   8.0050801e-03   9.7799635e-03   2.5199533e-02   1.5614778e-02   2.2281393e-02   5.4255853e-02];

